0.9848373239037553 1.0565940909665836 0.9890316559514333 0.8461491534042419 0.2334340484182264 0.047956337639454893 0.5139670189633158
0.9995506282890639 1.1663563716471856 1.0180142053233399 1.219233505000942 0.2458327273531729 0.22006664261466374 0.7804396578349744
1.00343582611814 1.1476757383997986 0.9912228142468535 0.8218211489272078 -0.275384770212793 0.13111879896557888 1.1078093200496715
0.9989088460949498 0.7507531510008941 1.0060440228725895 1.0400961153855894 -0.15528988557251017 -0.17774224462473004 1.217437974883531
0.9942277164574801 1.1944943424594405 1.0168786436033106 0.9546093736347846 0.015210766789259478 -0.2211965867398136 0.7609461605782962
0.9979572549976569 1.2099954578536485 0.9941411845925207 1.2132629024647008 -0.16927816125042744 0.09312006657065547 1.3463712316493561
1.0111662693428207 1.0806418467632126 0.9977130992601375 1.0383580384248297 0.08032190549646401 0.001751750164193988 0.7174749160893255
1.0043058543943248 1.1402486158158225 0.9855504925131626 0.9091369531618789 -0.1926069821760129 -0.1509212908671903 0.9051964506262052
0.9917319700804116 1.0097981459302254 0.981740339162867 1.2425240681173335 0.1711293265753679 -0.23167269062227536 1.4701838321321818
1.004948276505596 0.9164013360618286 1.0066171655309453 0.927167643801733 -0.12122114550960392 -0.09496303252974217 0.8664656545731999
0.9827642557684181 0.901296218984319 0.9975311754657037 1.1040572855360278 0.2024506571089209 0.16077574895261176 1.437804619530331
0.9843918556332776 0.8681527422975832 1.0052980382357595 0.8121033216717406 -0.010197294996329764 -0.2548301010781253 0.9745772830604651
1.0011943862688872 0.9272701726469111 0.9905052721070718 0.842137065290769 0.13240424956228247 -0.18750834605781358 1.1157154122711708
0.992527194342823 0.8592894397378018 0.9939104764898067 0.970158211659136 -0.0948498887603623 0.2655029304746956 0.9154693962342062
0.9945359301491588 1.001560985671809 1.0160544811470407 0.773577999699048 0.11808830484610827 0.2981259593894669 1.4263210499071473
0.9932370541156235 0.8385061565049903 0.9901816805732367 0.9151674008638804 0.13074927771549738 -0.19334962699938846 0.6698570103675021
1.0176499028818342 1.1188285136194793 0.9990179671983617 1.048003036378037 0.26661993331092776 -0.22441655278425882 1.0096218878690695
0.9811750205213587 0.828224181977203 0.9896259398402363 0.9609729107376669 -0.07746512207303005 0.16588114039894986 1.02935182236125
1.0142121273475078 1.1010707249282068 1.0121604481647035 1.0071222389672365 -0.24681505124954461 -0.20460792865717226 0.7516781876582621
1.01877110488239 0.7928621166913266 1.0050763370185534 0.976926939185816 0.2054614447651209 -0.06877080169595198 1.1277936711486083
1.0044576303426298 0.9950415673272459 0.9867490788286938 1.136854083154725 0.2996274855912508 0.10615487619524594 1.0910582430658726
1.0122682275284984 1.1058884330992669 1.0098952935917702 1.1870575560076535 -0.20238601973280415 0.1489867126515929 1.2237660316653467
0.9878629808134579 1.0619715015579403 1.0113209768699671 1.1313589930425751 0.22639914633343855 0.25348200720048436 1.2746738189971194
0.9839300600822468 0.9465167090747587 1.009331098260493 1.201778451301578 0.03561015442273785 -0.08693515293030299 1.013743267286514
0.9804021514456754 1.0907274561657965 1.0068701256271193 0.8252631768864034 -0.23259307638036958 -0.09672695590151026 0.5949927987525823
1.0029260381078127 0.9113955600148257 1.0172189062667443 0.9342317310036803 -0.280884432823084 0.027290709415717818 0.5851964248140954
0.987048983040259 0.9647323045825883 0.9917490410211262 1.0804992879016926 -0.22259225021172824 0.18662404135240757 0.8322621884281767
1.0146784528794974 0.9905706610162216 0.9930625690422311 0.869763750083443 0.12491446668583117 -0.02062616417557339 0.6867893166377569
1.0006786731781672 1.0328497598386273 1.016615918167459 0.8340137127065951 -0.04472014971627414 -0.14615290373498852 1.0480167067000972
0.9895070440355158 1.1314878569543185 0.9800876052716138 0.8016256973905845 -0.05240685791937688 -0.032778787400583875 1.359348436671615
1.002715463622689 0.8068493690752766 0.9824026265557856 1.097632314377278 -0.0661950128295554 -0.05147536431038224 0.897946052004946
0.9928996637594715 0.9235645524236188 0.9921800804107028 1.1817157461140237 -0.03294875904003447 -0.027763335124674382 1.204226487182273
0.9830852100823328 0.9307544798942172 0.9984077138664574 1.1190602307463977 -0.16291206595452093 -0.28174698327141856 0.5740968565330508
0.9949249123521449 0.8899838131311255 0.9857574732113051 1.1247881152237047 -0.19115549085825329 -0.2718842728399247 1.0745469191872676
1.0158104068612592 1.1634109331790856 1.000989083124087 0.9396555576665452 0.049366894989519516 0.13471709372074758 0.9239629783371252
1.0127016772197546 1.0868967084518668 0.9994680858218438 1.1464747088578133 0.07176241305385295 0.22330317316093157 0.9654109817410745
1.0066981620542734 1.1744346285453262 0.9806473776644514 1.1258454147575971 -0.10475755717927501 -0.014201508407123198 1.3959181132151395
1.0101505570177478 1.2319203653333464 1.0018392687929638 1.1948029939280538 -0.09706761558523572 -0.26293916296453224 1.4009310494831808
1.0153223607261577 0.9733304048159457 1.0155677102204856 0.7862312786905861 0.05689544983987582 0.11792814747024566 0.7790885323782419
0.9852040865694659 1.0503551436905836 1.0078853168082502 1.2484146200837845 0.1594941832877047 0.08353881007682679 1.1501938873614526
1.0074554141042558 1.129568139702448 1.0143072012067023 0.9891660885188044 -0.11623983463407503 -0.17032623391723153 1.178311342080664
1.0129054530066672 0.8444105891103303 1.0126948835931227 1.108294531087112 0.22140220353605128 0.036048558447923706 1.4590989296821832
1.0164577082580073 1.0171400927250382 0.982121255146978 0.7935707098448326 0.253015391593386 0.15433660845846764 1.2620770760847528
1.0002294444974422 1.2173758754520632 1.018760231327795 1.056551379092218 0.2584293761618252 -0.1368089597476156 0.6376955466070391
1.0183254390043581 1.2444787248974025 0.9811101006333235 1.1527777820009815 0.19074733086839135 -0.0081489043054358 0.6975370749874935
0.9915885937977422 0.8480470603310726 1.0106861906794147 0.9451792035988411 -0.08390873020933395 0.23804563699681552 0.8086142648254527
1.0113299234337534 1.1514704329406316 1.0080466344933214 0.9974846052098194 0.011817035026258693 -0.11679621605632404 1.1464362736592317
1.0168028614418352 1.072671712267594 1.0119566457094429 0.8627621038752525 -0.294914667115918 -0.248353559360444 0.6121976658044179
1.0192900903546214 1.2287956156445934 1.0193321368123565 0.7530462171846005 0.09927545335322308 -0.14144392200519126 0.9475802439889106
0.9888871006497665 1.111378341091688 0.9837336541654179 0.8948183768243134 -0.1789554435979374 -0.2673774230742456 0.9867527996243871
0.9802957649490484 1.1204788479262757 0.9841229088955935 1.013898043161884 -0.22104210571352098 0.2593286324708404 1.486059123608091
0.9844627857932029 0.8969517524811292 0.9895393624841159 0.7629344392459826 0.2816675918386727 0.00679778063684372 1.3679909861598722
1.0119319782841059 1.1773879805762986 1.0091098435974044 0.8856200506600056 -0.029158082464363244 0.2936111132952269 1.2537837455648095
1.0104285432101703 1.1384792740900016 1.0102330354772369 1.0154068774957223 -0.14709970932977345 0.06363662370046519 1.4496453845370838
0.9971714337420113 1.026612295825475 1.0149343475880082 0.8567289661377018 -0.019935745135848282 0.24322946300367537 0.9510236853566867
0.9909149050888997 1.2108261040602075 1.0135944221399578 1.0793751331876233 0.17686440254608127 -0.036348354193458776 0.6466064970570957
0.9999342451659232 0.811047919151632 0.987928407433359 1.0902543845891657 0.2382696691769452 -0.1108960476694017 1.327064189351916
0.9983008070103279 0.8786709599774734 0.9949305479701722 0.8776052000705267 0.0025925675578291063 -0.10506874428760712 0.7946511774544706
0.9961014879984528 1.1579752334217785 0.9830647833816035 0.758547884140815 -7.833723728168929E-4 0.19373325855146584 0.8159163300384509
1.0189835132082812 0.7671193670206301 0.9960728051447185 1.1781212814575521 -0.0372423281123746 -0.05464004506798553 0.99266653460039
1.0162473076809482 1.221189391860247 1.0037491046312208 1.0281223035893756 0.1943750254127014 0.17754766629415286 1.2826213095063632
0.9986738722524923 0.9386560636554218 0.9869983771197139 0.8168714421365393 -0.08453547418470794 0.11364665777952432 0.9374250927609984
0.9834415450079815 0.8911536984292117 0.9958620656225659 1.2232614983495824 0.047519329031676216 0.055642595293685815 0.5646683772168481
1.003647746521593 1.099420055632011 1.0156930632784011 0.9011227062775059 0.11179391351428791 -0.04438867368177718 0.6771378754989672
0.9973134230907864 0.8155630411210111 1.0032961686116872 0.8096250746843495 0.16451911245615586 0.03162405517908351 1.3136669233817566
1.0089435411024368 0.982293891118837 0.9968691014328853 1.1550848406639052 0.1415512150870123 -0.061673364954565046 1.2433345558000997
0.993847887793406 0.7715593297006754 1.0199549953354095 0.9236985150031004 -0.23769208733551717 0.1981074529077787 0.5508808638467746
0.9959729876735458 1.18584956108641 1.000476346421869 1.1654108337621243 -0.015272755994883369 -0.23705818263497344 0.8477299680048951
1.0172683989726132 1.181158375799036 1.0025069713519719 1.0336552652846578 -0.2136599054801681 -0.07531736393998653 1.3390783052139041
1.0081726161348223 0.8344684174278338 1.005911769799696 1.2363496026209475 -0.20525588073205314 -0.16004970227572 0.6563694436219597
1.0013729349863836 0.8813819321440282 1.0040039470773772 1.0879257909964881 -0.10840352139029666 -0.08341576354320432 0.7099459685259726
0.9881403836600595 0.7563801986556437 0.9954143461415632 0.9908798321917058 0.07388814133533267 0.08736759511185149 0.8551513781818786
1.0079232587374316 0.8021886813981387 1.0190095129241585 0.9656320448198017 0.1545387792136272 0.020788278595786414 1.1314413829185521
1.0069400347846913 1.1986021798383324 0.996598731320119 1.0024785309940587 0.2919091175895397 -0.12809572763378999 1.0804958084802805
1.0093837823057874 0.7851630172846056 1.0137957849094705 0.7675316079070255 0.039749429613122556 -0.18112417217377585 1.0535558693383347
1.0096920142411867 0.9099569585683164 0.9875644217140687 0.9427244220088635 -0.14310078122898656 0.2467027776538367 1.4680993315671538
0.986743385799435 0.9776155996833894 1.0015554421134192 0.7849410346816224 0.06500014154777645 0.07655452926216 1.2988064920872704
0.9859779739783464 0.8631378435332029 0.9882220341917853 1.209012592491983 0.28404740606746964 -0.005374058483106514 1.414546497547466
1.0020193603105356 1.0128268362426258 0.9849780349850137 0.9832361557492517 0.27149330066685834 -0.2119070862253863 1.306748741487055
1.008691419618397 0.987903163569501 0.9996624209865982 0.8502409892902691 0.2468553506817444 -0.2960186150703272 1.4958965766120158
0.9861976274313471 0.7827293980674999 1.0046819094985695 1.0502907341464007 0.21117838181565424 0.07131260059202027 1.0312638525917106
0.9899432862155457 1.2487486436849613 1.014504257122242 1.1979173604101856 -0.2629860781883485 0.2769433885342994 0.823215716535993
0.9966769220874635 1.07639166416923 0.9980185882948761 1.2281111773788653 -0.2663955534557033 0.282338435259274 1.3832493546907383
0.9885192461794333 0.854882406514008 0.993339869507261 0.8353415316150968 0.09498015030722406 0.17197541487148782 0.6052674903544454
0.9955182991667797 0.9412309451994844 0.9833106174900978 0.9136677217179907 -0.25538041217153234 0.2733817962934297 1.1879113218877269
1.0057695080122537 0.7634767087941177 0.9944596910263356 1.2343396172661785 0.08563796168622079 0.12242431260444753 0.8892839672031561
0.9905387786879588 1.0437649429738682 1.0177711190019914 0.7997649264951288 -0.05416602875370907 0.2159685565613289 0.7478569147671894
1.0139784913611125 0.7783853654962715 1.0073591542856197 1.1643943492452982 -0.1286755348612865 0.05341666287800978 0.5007272608074953
1.015155630695243 0.9574261215949476 0.984752614232509 1.0711387480981467 -0.24334265201025576 0.14302946031189934 1.1665532230165403
1.0053390074360358 0.9681526467034969 0.9812535509017011 0.7784585149643648 -0.29347474361959797 -0.2855399075018062 0.8784590605561722
1.0133807955794418 1.021523496478081 1.0128997173837506 1.1737030710316212 0.02883060362965084 0.2083030415373353 1.2353047585694574
0.9874572494961197 0.8709514516513293 1.0001268202802915 1.0636935783404025 -0.0654425589905892 0.014720038216594067 0.7292095676427559
1.0061451480347428 0.8237898485731037 0.9862752483929502 0.8819036246728024 -0.13596297454035208 0.0979569094687836 0.5305350335538382
1.0197757731569466 1.2048888465504395 1.002245628965754 1.1406429407994245 0.14977763519750265 -0.12038797938053655 0.5225693297791377
0.9821331727405206 0.9506763327907191 1.0110381791788383 0.8969868981739993 0.022133033852560324 -0.2882488169854821 1.376280234415022
0.981566378311481 1.2362594214533726 0.9909996720949661 1.0667374800150586 0.10701117187650411 0.184733974226706 0.6214702525037985
0.9922043836777978 0.7966493154295142 0.992427021794524 1.1103922147482175 -0.2844158989300077 -0.16348709366987965 0.549459805158347
0.9903502260178735 1.0459521811556944 0.9885863216759023 0.9562447145499134 -0.18187778255702097 0.23033788359360235 0.734363249693603
0.9818837860435387 1.035252316285829 1.0031296753327033 1.0242537886420888 0.18340616676128824 -0.24268856490013438 1.1985817323152603
1.0016366679157545 1.0682981382717243 1.008665290046295 0.8714193321249267 -0.15713503000812415 -0.1984057754051582 1.06349570000367
